[Problem1]
tolerance = 1e-10
Q_s_min = [4.5, 4.5]
Q_t_min = 1.5
S_rm = [0.0, 0.0, 0.0, 0.0, 0.0, 0.0, 0.0, 0.0, 0.0, 0.0, 0.0, 0.0, 0.0, 0.0, 0.0, 0.0, 0.0, 0.0, 0.0, 0.0, 0.0, 0.0, 0.0, 0.0]
I = 24
N_t = 1
N_s = 2
a_ge = 0.00543636
a_gs = 0.002718
a_b = 0.019933
E_g_min = 6.0
E_g_max = 20.0
S_b_min = 0.16
S_b_max = 16.0
Q_ts_min = 83.721
Q_ts_max1 = 468.8376
Q_ts_max2 = 334.884
Q_ts_init = 251.163
Q_loss = 0.3
L_g = 2
L_b = 2
C_Fr = [59.8, 59.8, 59.8, 59.8, 59.8, 59.8, 59.8, 59.8, 59.8, 59.8, 59.8, 59.8, 59.8, 59.8, 59.8, 59.8, 59.8, 59.8, 59.8, 59.8, 59.8, 59.8, 59.8, 59.8]
L_s = [2.0, 2.0]
Q_t_max = 5.0
S_L = [2.0, 2.0, 2.0, 2.0, 2.0, 2.0, 3.0, 4.0, 5.0, 7.0, 9.0, 10.0, 10.0, 10.0, 10.0, 10.0, 10.0, 10.0, 10.0, 10.0, 10.0, 7.0, 5.0, 3.0]
a_s = [0.0222, 0.0222]
Q_L = [3.0, 3.0, 3.0, 3.0, 3.0, 3.0, 5.0, 9.0, 13.0, 17.0, 20.0, 21.0, 23.0, 25.0, 26.0, 25.0, 24.0, 20.0, 19.0, 19.0, 16.0, 10.0, 5.0, 3.0]
b_s = [0.533, 0.4]
c_s = [8.2, 6.8]
E_rm = [0.0, 0.0, 0.0, 0.0, 0.0, 0.0, 0.0, 0.0, 0.0, 0.0, 0.0, 0.0, 0.0, 0.0, 0.0, 0.0, 0.0, 0.0, 0.0, 0.0, 0.0, 0.0, 0.0, 0.0]
Q_s_max = [15.0, 15.0]
L_t = 2.0
E_L = [7.0, 7.0, 7.0, 7.0, 7.0, 7.0, 7.0, 9.0, 11.0, 15.0, 19.0, 25.0, 20.0, 25.0, 26.0, 25.0, 24.0, 23.0, 24.0, 21.0, 18.0, 14.0, 11.0, 8.0]
a_t = 0.022727273
C_Er = [8810.0, 8810.0, 8810.0, 8810.0, 8810.0, 8810.0, 8810.0, 8810.0, 12080.0, 12080.0, 12080.0, 12080.0, 12080.0, 12080.0, 12080.0, 12080.0, 12080.0, 12080.0, 12080.0, 12080.0, 12080.0, 12080.0, 8810.0, 8810.0]
